Node 29 Position: [5.40038737e+04 1.46027773e+05 2.33339419e+05 9.72162999e+04
 3.92218892e+07 4.54629004e+05 1.12076633e+05 1.00005521e+05
 8.74868916e+05 1.48300459e+05 1.49699821e+06 1.43984388e+06
 2.75582366e+06 8.17795392e+04 5.17474768e+05 7.95273932e+05
 3.55242987e+05 3.39272417e+05 1.99467808e+05 3.25057913e+05
 1.81843253e+07 2.98420015e+05 9.18863486e+05 2.88728433e+06
 5.86658131e+05 4.94224377e+08 1.27398896e+06 1.05339591e+06
 4.18806190e+08 0.00000000e+00 4.50362003e+06]
Server 30 Position: [1.17883382e+05 7.17833761e+05 1.10436596e+05 4.02165465e+05
 2.04403601e+06 1.51179111e+05 1.68288153e+05 3.31394367e+05
 1.89504618e+05 7.25306492e+05 1.03058462e+08 1.60767105e+07
 1.76377625e+06 1.05454565e+05 1.67147670e+06 2.22928042e+05
 8.74876246e+05 2.29284413e+05 5.81416126e+05 3.08968892e+05
 7.59545619e+05 2.28142006e+06 3.12645950e+07 6.39372336e+08
 1.00739955e+07 2.61930162e+06 8.14661456e+06 2.08938278e+05
 2.86735547e+06 4.50362003e+06 0.00000000e+00]
